Squeezielive,[]
Gotaga,"[{'id': '272693633', 'user_id': '24147592', 'user_name': 'Gotaga', 'game_id': '497451', 'type': 'live', 'title': '[FR] GOTAGA ►  RANKED POKEMON ! #FuckMimiqui', 'viewer_count': 5499, 'started_at': '2019-12-07T10:29:41Z', 'language': 'fr', 'thumbnail_url': 'https://static-cdn.jtvnw.net/previews-ttv/live_user_gotaga-{width}x{height}.jpg', 'tag_ids': ['6f655045-9989-4ef7-8f85-1edcec42d648']}]"
Domingo,[]
TheKAIRI78,[]
WankilStudio,[]
Joueur_du_Grenier,[]
Sardoche,[]
JLTomy,[]
ZeratoR,[]
EsportZoneLiveTV,[]
mistermv,[]
Locklear,[]
Xari,[]
FortniteFR,[]
lestream,"[{'id': '272470401', 'user_id': '147337432', 'user_name': 'lestream', 'game_id': '509667', 'type': 'live', 'title': 'LA CUISINE avec PONCE et GASTRONOGEEK | lestream', 'viewer_count': 4918, 'started_at': '2019-12-07T09:14:51Z', 'language': 'fr', 'thumbnail_url': 'https://static-cdn.jtvnw.net/previews-ttv/live_user_lestream-{width}x{height}.jpg', 'tag_ids': ['6f655045-9989-4ef7-8f85-1edcec42d648']}]"
Cyprienlive,[]
StreamBox,[]
Laink,[]
BruceGrannec,[]
FuzeIII,[]
Terracid,[]
CYRILmp4,[]
Solary,"[{'id': '272324417', 'user_id': '174955366', 'user_name': 'Solary', 'game_id': '21779', 'type': 'live', 'title': 'Caelan SoloQ Matinale', 'viewer_count': 3437, 'started_at': '2019-12-07T08:03:47Z', 'language': 'fr', 'thumbnail_url': 'https://static-cdn.jtvnw.net/previews-ttv/live_user_solary-{width}x{height}.jpg', 'tag_ids': ['6f655045-9989-4ef7-8f85-1edcec42d648']}]"
SolaryFortnite,"[{'id': '271152545', 'user_id': '198506129', 'user_name': 'SolaryFortnite', 'game_id': '33214', 'type': 'live', 'title': 'FNCS HEAT 2 / VIEWING PARTY', 'viewer_count': 9198, 'started_at': '2019-12-06T21:19:26Z', 'language': 'fr', 'thumbnail_url': 'https://static-cdn.jtvnw.net/previews-ttv/live_user_solaryfortnite-{width}x{height}.jpg', 'tag_ids': ['6f655045-9989-4ef7-8f85-1edcec42d648']}]"
Jirayalecochon,[]
iProMx,[]
LeFrenchRestream,[]
Anas_Off,[]
brusselschallenge,[]
PlayHearthstoneFR,[]
RocKy_,[]
YoMax,[]
FantaBobShow,[]
RebeuDeter,[]
robert87000,[]
Kamet0,[]
dreamhackcsgo_fr,[]
AlphaCast,[]
Doigby,[]
JulienChieze,[]
LyoneSportTV,[]
michou_twitch,[]
Pauleta_Youtubeur,[]
Alderiate,[]
Mushway,[]
AntoineDanielLive,[]
SolaryHS,"[{'id': '272192289', 'user_id': '416031592', 'user_name': 'SolaryHS', 'game_id': '138585', 'type': 'live', 'title': '[FR] Odematinale : deckroulette ! GRANDE REVIEW MARDI !', 'viewer_count': 2789, 'started_at': '2019-12-07T05:58:59Z', 'language': 'fr', 'thumbnail_url': 'https://static-cdn.jtvnw.net/previews-ttv/live_user_solaryhs-{width}x{height}.jpg', 'tag_ids': ['0c57682a-cd5e-41af-acd7-38f3e4cf06ce', '7f613168-c2fb-48f7-948b-a51aa8fd53d0', '6f655045-9989-4ef7-8f85-1edcec42d648']}]"
Shaunz,[]
shoxieJESUSS,[]
Liberto,[]
XEWER,[]
WarcraftFR,[]
lequipefr,"[{'id': '272521057', 'user_id': '237870645', 'user_name': 'lequipefr', 'game_id': '417752', 'type': 'live', 'title': ""L'Equipe esport : on se retrouve à la fin du mois pour une nouvelle émission ! "", 'viewer_count': 20, 'started_at': '2019-12-07T09:33:45Z', 'language': 'fr', 'thumbnail_url': 'https://static-cdn.jtvnw.net/previews-ttv/live_user_lequipefr-{width}x{height}.jpg', 'tag_ids': ['6f655045-9989-4ef7-8f85-1edcec42d648']}]"
LeBouseuh,[]
JeelTV,[]
1PVCS,[]
PrimeTimeFut,[]
MasterSnakou,[]
Corobizar,[]
lyonesportFT,[]
Crocodyle_lol,[]
Mickalow,"[{'id': '272256193', 'user_id': '30709418', 'user_name': 'Mickalow', 'game_id': '512710', 'type': 'live', 'title': 'MICKALOW / YesLife', 'viewer_count': 1171, 'started_at': '2019-12-07T07:11:30Z', 'language': 'fr', 'thumbnail_url': 'https://static-cdn.jtvnw.net/previews-ttv/live_user_mickalow-{width}x{height}.jpg', 'tag_ids': ['6f655045-9989-4ef7-8f85-1edcec42d648']}]"
At0mium,[]
Rainbow6FR,"[{'id': '272288321', 'user_id': '232300705', 'user_name': 'Rainbow6FR', 'game_id': '460630', 'type': 'live', 'title': 'OGA PIT Minor avec Swish & Frenchi ! ', 'viewer_count': 1012, 'started_at': '2019-12-07T07:38:49Z', 'language': 'fr', 'thumbnail_url': 'https://static-cdn.jtvnw.net/previews-ttv/live_user_rainbow6fr-{width}x{height}.jpg', 'tag_ids': ['6f655045-9989-4ef7-8f85-1edcec42d648']}]"
Maghla,[]
TwitchFR,[]
Oliechhs,[]
Bennnzz,[]
Mastu,[]
OgamingSC2,"[{'id': '272748129', 'user_id': '71852806', 'user_name': 'OgamingSC2', 'game_id': '490422', 'type': 'live', 'title': 'NW2019 - CAN vs KR + FR vs GER: Rediffusion', 'viewer_count': 274, 'started_at': '2019-12-07T10:45:26Z', 'language': 'fr', 'thumbnail_url': 'https://static-cdn.jtvnw.net/previews-ttv/live_user_ogamingsc2-{width}x{height}.jpg', 'tag_ids': ['6f655045-9989-4ef7-8f85-1edcec42d648']}]"
nayte,[]
Teeqzy_,[]
RiotGamesFR,[]
aypierre,[]
Kenb0gard,[]
MrRemxTV,[]
GoBGG,[]
SkyrrozTV,[]
JLPRINCE_,[]
TheGuill84,[]
AdzTV,[]
Clique_TV_Stream,[]
JLMeilleurArab,[]
Kaydop,[]
Zydar,[]
JLFakemonster,[]
jvtv,[]
Garryschool,[]
HumilityFR,[]
Bidule,[]
lyonesportLoL,[]
SonixPROD_TV,[]
NBK,[]
Anil,[]
Chrales,[]
MrBboy45,[]
Tonton,[]
MinosTV_,[]
idrizlabasefc,[]
ultimatefightingfr,[]
