Squeezielive,[]
Gotaga,[]
Domingo,[]
TheKAIRI78,[]
WankilStudio,[]
Joueur_du_Grenier,[]
Sardoche,"[{'id': '274990465', 'user_id': '50795214', 'user_name': 'Sardoche', 'game_id': '492535', 'type': 'live', 'title': 'SARDOCHE - Chill - Deathless A-Sides', 'viewer_count': 2202, 'started_at': '2019-12-07T17:59:34Z', 'language': 'fr', 'thumbnail_url': 'https://static-cdn.jtvnw.net/previews-ttv/live_user_sardoche-{width}x{height}.jpg', 'tag_ids': ['6f655045-9989-4ef7-8f85-1edcec42d648']}]"
JLTomy,[]
ZeratoR,[]
EsportZoneLiveTV,[]
mistermv,[]
Locklear,[]
Xari,[]
FortniteFR,[]
lestream,[]
Cyprienlive,[]
StreamBox,[]
Laink,[]
BruceGrannec,[]
FuzeIII,[]
Terracid,[]
CYRILmp4,[]
Solary,"[{'id': '272324417', 'user_id': '174955366', 'user_name': 'Solary', 'game_id': '21779', 'type': 'live', 'title': 'La nuit Sharkky!!!', 'viewer_count': 1466, 'started_at': '2019-12-07T08:03:47Z', 'language': 'fr', 'thumbnail_url': 'https://static-cdn.jtvnw.net/previews-ttv/live_user_solary-{width}x{height}.jpg', 'tag_ids': ['6f655045-9989-4ef7-8f85-1edcec42d648']}]"
SolaryFortnite,"[{'id': '277237633', 'user_id': '198506129', 'user_name': 'SolaryFortnite', 'game_id': '33214', 'type': 'live', 'title': 'FNCS DEMI KINSTAAR / HUNTY ( REDIF) RETOUR LOBBY 15h !', 'viewer_count': 1252, 'started_at': '2019-12-08T03:12:40Z', 'language': 'fr', 'thumbnail_url': 'https://static-cdn.jtvnw.net/previews-ttv/live_user_solaryfortnite-{width}x{height}.jpg', 'tag_ids': ['6f655045-9989-4ef7-8f85-1edcec42d648']}]"
Jirayalecochon,[]
iProMx,[]
LeFrenchRestream,[]
Anas_Off,[]
brusselschallenge,[]
PlayHearthstoneFR,[]
RocKy_,[]
YoMax,[]
FantaBobShow,[]
RebeuDeter,[]
robert87000,[]
Kamet0,[]
dreamhackcsgo_fr,[]
AlphaCast,[]
Doigby,[]
JulienChieze,[]
LyoneSportTV,[]
michou_twitch,[]
Pauleta_Youtubeur,[]
Alderiate,[]
Mushway,[]
AntoineDanielLive,[]
SolaryHS,"[{'id': '276680113', 'user_id': '416031592', 'user_name': 'SolaryHS', 'game_id': '138585', 'type': 'live', 'title': '[FR] Saturday night Pilou ! Review et ouverture de boosters !', 'viewer_count': 983, 'started_at': '2019-12-07T22:42:08Z', 'language': 'fr', 'thumbnail_url': 'https://static-cdn.jtvnw.net/previews-ttv/live_user_solaryhs-{width}x{height}.jpg', 'tag_ids': ['6f655045-9989-4ef7-8f85-1edcec42d648']}]"
Shaunz,[]
shoxieJESUSS,[]
Liberto,[]
XEWER,[]
WarcraftFR,[]
lequipefr,[]
LeBouseuh,[]
JeelTV,[]
1PVCS,[]
PrimeTimeFut,[]
MasterSnakou,[]
Corobizar,[]
lyonesportFT,[]
Crocodyle_lol,[]
Mickalow,[]
At0mium,[]
Rainbow6FR,[]
Maghla,[]
TwitchFR,[]
Oliechhs,[]
Bennnzz,[]
Mastu,[]
OgamingSC2,"[{'id': '275916529', 'user_id': '71852806', 'user_name': 'OgamingSC2', 'game_id': '490422', 'type': 'live', 'title': 'Banneling Quizz - Rotti & Reynor vs Tod & Ptitdrogo', 'viewer_count': 143, 'started_at': '2019-12-07T20:18:24Z', 'language': 'fr', 'thumbnail_url': 'https://static-cdn.jtvnw.net/previews-ttv/live_user_ogamingsc2-{width}x{height}.jpg', 'tag_ids': ['6f655045-9989-4ef7-8f85-1edcec42d648']}]"
nayte,[]
Teeqzy_,[]
RiotGamesFR,[]
aypierre,[]
Kenb0gard,[]
MrRemxTV,[]
GoBGG,[]
SkyrrozTV,[]
JLPRINCE_,[]
TheGuill84,[]
AdzTV,[]
Clique_TV_Stream,[]
JLMeilleurArab,[]
Kaydop,[]
Zydar,[]
JLFakemonster,[]
jvtv,[]
Garryschool,[]
HumilityFR,[]
Bidule,[]
lyonesportLoL,[]
SonixPROD_TV,[]
NBK,[]
Anil,[]
Chrales,[]
MrBboy45,[]
Tonton,[]
MinosTV_,[]
idrizlabasefc,[]
ultimatefightingfr,[]
