Squeezielive,[]
Gotaga,"[{'id': '425348273', 'user_id': '24147592', 'user_name': 'Gotaga', 'game_id': '509658', 'type': 'live', 'title': '[FR] GOTAGA ► Fin du live\n', 'viewer_count': 7032, 'started_at': '2020-01-06T17:06:02Z', 'language': 'fr', 'thumbnail_url': 'https://static-cdn.jtvnw.net/previews-ttv/live_user_gotaga-{width}x{height}.jpg', 'tag_ids': ['6f655045-9989-4ef7-8f85-1edcec42d648']}]"
Domingo,[]
TheKAIRI78,[]
WankilStudio,[]
Joueur_du_Grenier,[]
Sardoche,[]
JLTomy,"[{'id': '428128945', 'user_id': '155601320', 'user_name': 'JLTomy', 'game_id': '491931', 'type': 'live', 'title': 'JL TOMA - EFT Duo Run (Twitter @PrismTomy) !video', 'viewer_count': 1731, 'started_at': '2020-01-07T01:04:03Z', 'language': 'fr', 'thumbnail_url': 'https://static-cdn.jtvnw.net/previews-ttv/live_user_jltomy-{width}x{height}.jpg', 'tag_ids': ['6f655045-9989-4ef7-8f85-1edcec42d648']}]"
ZeratoR,[]
EsportZoneLiveTV,[]
mistermv,[]
Locklear,[]
Xari,[]
FortniteFR,[]
lestream,[]
Cyprienlive,[]
StreamBox,[]
Laink,[]
BruceGrannec,[]
FuzeIII,[]
Terracid,[]
CYRILmp4,[]
Solary,"[{'id': '422984177', 'user_id': '174955366', 'user_name': 'Solary', 'game_id': '21779', 'type': 'live', 'title': 'Tioo soloq chill', 'viewer_count': 2619, 'started_at': '2020-01-06T08:14:59Z', 'language': 'fr', 'thumbnail_url': 'https://static-cdn.jtvnw.net/previews-ttv/live_user_solary-{width}x{height}.jpg', 'tag_ids': ['6f655045-9989-4ef7-8f85-1edcec42d648']}]"
SolaryFortnite,[]
Jirayalecochon,[]
iProMx,[]
LeFrenchRestream,"[{'id': '426832881', 'user_id': '137422507', 'user_name': 'LeFrenchRestream', 'game_id': '', 'type': 'live', 'title': '#AGDQ2020FR - Fallout Anthology (Anthology (Main Series, Any%))', 'viewer_count': 6537, 'started_at': '2020-01-06T20:09:18Z', 'language': 'fr', 'thumbnail_url': 'https://static-cdn.jtvnw.net/previews-ttv/live_user_lefrenchrestream-{width}x{height}.jpg', 'tag_ids': ['6f655045-9989-4ef7-8f85-1edcec42d648', '1706e401-a023-49fc-9b10-7bf73f59c940', '7cefbf30-4c3e-4aa7-99cd-70aabb662f27', 'bb5e7234-380e-48ad-a59c-03e51274e478']}]"
Anas_Off,[]
brusselschallenge,[]
PlayHearthstoneFR,[]
RocKy_,[]
YoMax,"[{'id': '428171457', 'user_id': '74391737', 'user_name': 'YoMax', 'game_id': '512804', 'type': 'live', 'title': 'TOTY 2020 !!!', 'viewer_count': 1985, 'started_at': '2020-01-07T01:30:01Z', 'language': 'fr', 'thumbnail_url': 'https://static-cdn.jtvnw.net/previews-ttv/live_user_yomax-{width}x{height}.jpg', 'tag_ids': ['6f655045-9989-4ef7-8f85-1edcec42d648']}]"
FantaBobShow,[]
RebeuDeter,[]
robert87000,[]
Kamet0,[]
dreamhackcsgo_fr,[]
AlphaCast,[]
Doigby,[]
JulienChieze,[]
LyoneSportTV,[]
michou_twitch,[]
Pauleta_Youtubeur,[]
Alderiate,[]
Mushway,[]
AntoineDanielLive,[]
SolaryHS,[]
Shaunz,[]
shoxieJESUSS,[]
Liberto,[]
XEWER,[]
WarcraftFR,[]
lequipefr,[]
LeBouseuh,[]
JeelTV,[]
1PVCS,[]
PrimeTimeFut,[]
MasterSnakou,[]
Corobizar,[]
lyonesportFT,[]
Crocodyle_lol,[]
Mickalow,[]
At0mium,[]
Rainbow6FR,[]
Maghla,[]
TwitchFR,[]
Oliechhs,[]
Bennnzz,[]
Mastu,[]
OgamingSC2,"[{'id': '427382689', 'user_id': '71852806', 'user_name': 'OgamingSC2', 'game_id': '490422', 'type': 'live', 'title': 'UNDERDOGS 2020 - SAISON 1 : QUALIFIER', 'viewer_count': 130, 'started_at': '2020-01-06T21:35:33Z', 'language': 'fr', 'thumbnail_url': 'https://static-cdn.jtvnw.net/previews-ttv/live_user_ogamingsc2-{width}x{height}.jpg', 'tag_ids': ['6f655045-9989-4ef7-8f85-1edcec42d648']}]"
nayte,[]
Teeqzy_,[]
RiotGamesFR,[]
aypierre,[]
Kenb0gard,[]
MrRemxTV,[]
GoBGG,[]
SkyrrozTV,[]
JLPRINCE_,[]
TheGuill84,[]
AdzTV,[]
Clique_TV_Stream,[]
JLMeilleurArab,[]
Kaydop,[]
Zydar,[]
JLFakemonster,[]
jvtv,[]
Garryschool,[]
HumilityFR,[]
Bidule,[]
lyonesportLoL,[]
SonixPROD_TV,[]
NBK,[]
Anil,[]
Chrales,[]
MrBboy45,[]
Tonton,[]
MinosTV_,[]
idrizlabasefc,[]
ultimatefightingfr,[]
