Squeezielive,[]
Gotaga,[]
Domingo,[]
TheKAIRI78,[]
WankilStudio,[]
Joueur_du_Grenier,[]
Sardoche,[]
JLTomy,[]
ZeratoR,[]
EsportZoneLiveTV,[]
mistermv,[]
Locklear,[]
Xari,[]
FortniteFR,[]
lestream,"[{'id': '403707025', 'user_id': '147337432', 'user_name': 'lestream', 'game_id': '513143', 'type': 'live', 'title': 'Soey vous apprend à jouer à TFT I LeStream des vacances', 'viewer_count': 493, 'started_at': '2020-01-03T08:52:30Z', 'language': 'fr', 'thumbnail_url': 'https://static-cdn.jtvnw.net/previews-ttv/live_user_lestream-{width}x{height}.jpg', 'tag_ids': ['6f655045-9989-4ef7-8f85-1edcec42d648']}]"
Cyprienlive,[]
StreamBox,[]
Laink,"[{'id': '404779281', 'user_id': '89872865', 'user_name': 'Laink', 'game_id': '30921', 'type': 'live', 'title': 'Laink - Un peu de RL level ECLATAX', 'viewer_count': 3242, 'started_at': '2020-01-03T13:14:23Z', 'language': 'fr', 'thumbnail_url': 'https://static-cdn.jtvnw.net/previews-ttv/live_user_laink-{width}x{height}.jpg', 'tag_ids': ['6f655045-9989-4ef7-8f85-1edcec42d648']}]"
BruceGrannec,[]
FuzeIII,[]
Terracid,[]
CYRILmp4,[]
Solary,"[{'id': '397529537', 'user_id': '174955366', 'user_name': 'Solary', 'game_id': '21779', 'type': 'live', 'title': ""LE ROI GRINDOU : Day 5 : L'elo qu'on atteint pas par hasard"", 'viewer_count': 6108, 'started_at': '2020-01-02T07:59:15Z', 'language': 'fr', 'thumbnail_url': 'https://static-cdn.jtvnw.net/previews-ttv/live_user_solary-{width}x{height}.jpg', 'tag_ids': ['6f655045-9989-4ef7-8f85-1edcec42d648']}]"
SolaryFortnite,"[{'id': '404430065', 'user_id': '198506129', 'user_name': 'SolaryFortnite', 'game_id': '33214', 'type': 'live', 'title': 'HUNTER  APPREND A JOUER A LA MANETTE', 'viewer_count': 1587, 'started_at': '2020-01-03T12:11:39Z', 'language': 'fr', 'thumbnail_url': 'https://static-cdn.jtvnw.net/previews-ttv/live_user_solaryfortnite-{width}x{height}.jpg', 'tag_ids': ['6f655045-9989-4ef7-8f85-1edcec42d648']}]"
Jirayalecochon,[]
iProMx,[]
LeFrenchRestream,[]
Anas_Off,[]
brusselschallenge,[]
PlayHearthstoneFR,[]
RocKy_,[]
YoMax,[]
FantaBobShow,[]
RebeuDeter,[]
robert87000,"[{'id': '404592193', 'user_id': '70915697', 'user_name': 'robert87000', 'game_id': '512804', 'type': 'live', 'title': 'FUT CHAMPION AVEC UNE TEAM A 300K CREDITS !', 'viewer_count': 2749, 'started_at': '2020-01-03T12:41:29Z', 'language': 'fr', 'thumbnail_url': 'https://static-cdn.jtvnw.net/previews-ttv/live_user_robert87000-{width}x{height}.jpg', 'tag_ids': ['6f655045-9989-4ef7-8f85-1edcec42d648', 'ff56eeeb-99ed-4a60-93fc-0b3f05d8661e', '1eba3cfe-51cc-460a-8259-bc8bb987f904', '4ada413e-c7c4-4fc0-b3d6-ce4b98e0d5e3']}]"
Kamet0,[]
dreamhackcsgo_fr,[]
AlphaCast,[]
Doigby,[]
JulienChieze,[]
LyoneSportTV,[]
michou_twitch,[]
Pauleta_Youtubeur,[]
Alderiate,[]
Mushway,[]
AntoineDanielLive,[]
SolaryHS,"[{'id': '397387329', 'user_id': '416031592', 'user_name': 'SolaryHS', 'game_id': '138585', 'type': 'live', 'title': '[FR] Vinz prépare le Colmar Esport Show', 'viewer_count': 2472, 'started_at': '2020-01-02T06:07:41Z', 'language': 'fr', 'thumbnail_url': 'https://static-cdn.jtvnw.net/previews-ttv/live_user_solaryhs-{width}x{height}.jpg', 'tag_ids': ['6f655045-9989-4ef7-8f85-1edcec42d648']}]"
Shaunz,"[{'id': '403733649', 'user_id': '43102846', 'user_name': 'Shaunz', 'game_id': '513143', 'type': 'live', 'title': ""SHAUNZ - top 30 eu - 12h on est sur le main, c'est l'heure des problèmes"", 'viewer_count': 4800, 'started_at': '2020-01-03T09:02:56Z', 'language': 'fr', 'thumbnail_url': 'https://static-cdn.jtvnw.net/previews-ttv/live_user_shaunz-{width}x{height}.jpg', 'tag_ids': ['6f655045-9989-4ef7-8f85-1edcec42d648']}]"
shoxieJESUSS,"[{'id': '404436657', 'user_id': '35332416', 'user_name': 'shoxieJESUSS', 'game_id': '115977', 'type': 'live', 'title': ""@shoxCSGO #VforVictory On continue l'ascension de sorceleur sur Witcher 3 hehe"", 'viewer_count': 401, 'started_at': '2020-01-03T12:12:59Z', 'language': 'fr', 'thumbnail_url': 'https://static-cdn.jtvnw.net/previews-ttv/live_user_shoxiejesuss-{width}x{height}.jpg', 'tag_ids': ['6f655045-9989-4ef7-8f85-1edcec42d648']}]"
Liberto,[]
XEWER,[]
WarcraftFR,[]
lequipefr,[]
LeBouseuh,"[{'id': '404655969', 'user_id': '96562014', 'user_name': 'LeBouseuh', 'game_id': '30921', 'type': 'live', 'title': '(30h de jeu) ROCKET LEAGUE → Deathrun HARDCORE !', 'viewer_count': 4572, 'started_at': '2020-01-03T12:53:08Z', 'language': 'fr', 'thumbnail_url': 'https://static-cdn.jtvnw.net/previews-ttv/live_user_lebouseuh-{width}x{height}.jpg', 'tag_ids': ['6f655045-9989-4ef7-8f85-1edcec42d648']}]"
JeelTV,[]
1PVCS,[]
PrimeTimeFut,[]
MasterSnakou,"[{'id': '403450961', 'user_id': '42141251', 'user_name': 'MasterSnakou', 'game_id': '493069', 'type': 'live', 'title': '[FR] 7H DU MATIN! | !Extension - !Twitter - 1er Live de 2020', 'viewer_count': 3148, 'started_at': '2020-01-03T06:00:36Z', 'language': 'fr', 'thumbnail_url': 'https://static-cdn.jtvnw.net/previews-ttv/live_user_mastersnakou-{width}x{height}.jpg', 'tag_ids': ['6f655045-9989-4ef7-8f85-1edcec42d648', 'ba2c968b-867a-49ce-aebc-3d978a204f4a', 'd0976a7e-26a7-4a48-9225-c522808540f2']}]"
Corobizar,[]
lyonesportFT,[]
Crocodyle_lol,[]
Mickalow,"[{'id': '403581873', 'user_id': '30709418', 'user_name': 'Mickalow', 'game_id': '30921', 'type': 'live', 'title': 'MICKALOW / VITAXI !', 'viewer_count': 2100, 'started_at': '2020-01-03T07:50:24Z', 'language': 'fr', 'thumbnail_url': 'https://static-cdn.jtvnw.net/previews-ttv/live_user_mickalow-{width}x{height}.jpg', 'tag_ids': ['6f655045-9989-4ef7-8f85-1edcec42d648']}]"
At0mium,[]
Rainbow6FR,[]
Maghla,[]
TwitchFR,[]
Oliechhs,[]
Bennnzz,[]
Mastu,[]
OgamingSC2,"[{'id': '402366801', 'user_id': '71852806', 'user_name': 'OgamingSC2', 'game_id': '490422', 'type': 'live', 'title': '2v2 Reforged  + La remontée de MMR !', 'viewer_count': 96, 'started_at': '2020-01-02T22:07:42Z', 'language': 'fr', 'thumbnail_url': 'https://static-cdn.jtvnw.net/previews-ttv/live_user_ogamingsc2-{width}x{height}.jpg', 'tag_ids': ['6f655045-9989-4ef7-8f85-1edcec42d648']}]"
nayte,[]
Teeqzy_,[]
RiotGamesFR,[]
aypierre,[]
Kenb0gard,[]
MrRemxTV,[]
GoBGG,"[{'id': '403804497', 'user_id': '40760591', 'user_name': 'GoBGG', 'game_id': '21779', 'type': 'live', 'title': 'GoBGG -PREMIER B0 MASTER DE LANNEE ! EN DUO AVEC SIXEN ', 'viewer_count': 2078, 'started_at': '2020-01-03T09:30:39Z', 'language': 'fr', 'thumbnail_url': 'https://static-cdn.jtvnw.net/previews-ttv/live_user_gobgg-{width}x{height}.jpg', 'tag_ids': ['6f655045-9989-4ef7-8f85-1edcec42d648', 'b157e8d6-b7ba-49f4-836f-09886c072f1f', '2a14b52e-d459-4c92-be11-5d86b898f6b6']}]"
SkyrrozTV,[]
JLPRINCE_,[]
TheGuill84,[]
AdzTV,[]
Clique_TV_Stream,[]
JLMeilleurArab,[]
Kaydop,[]
Zydar,[]
JLFakemonster,[]
jvtv,[]
Garryschool,[]
HumilityFR,[]
Bidule,[]
lyonesportLoL,[]
SonixPROD_TV,[]
NBK,[]
Anil,[]
Chrales,[]
MrBboy45,[]
Tonton,[]
MinosTV_,"[{'id': '401629121', 'user_id': '63985840', 'user_name': 'MinosTV_', 'game_id': '509658', 'type': 'live', 'title': '[FR] | 24H - On regarde des vidéos ! | !code | !discord | !social | Jour 3/366.', 'viewer_count': 920, 'started_at': '2020-01-02T20:19:09Z', 'language': 'fr', 'thumbnail_url': 'https://static-cdn.jtvnw.net/previews-ttv/live_user_minostv_-{width}x{height}.jpg', 'tag_ids': ['6f655045-9989-4ef7-8f85-1edcec42d648']}]"
idrizlabasefc,[]
ultimatefightingfr,[]
